,positive
0,1
1,0
2,0
3,0
4,1
5,0
6,1
7,1
8,1
9,1
10,1
11,0
12,0
13,1
14,1
15,1
16,1
17,1
18,0
19,1
20,0
21,1
22,1
23,1
24,1
25,1
26,1
27,0
28,1
29,0
30,0
31,0
32,1
33,0
34,0
35,1
36,0
37,1
38,0
39,0
40,1
41,1
42,1
43,1
44,1
45,1
46,0
47,1
48,1
49,1
50,0
51,1
52,1
53,0
54,1
55,1
56,0
57,0
58,1
59,1
60,1
61,0
62,1
63,1
64,1
65,0
66,0
67,0
68,1
69,0
70,1
71,1
72,1
73,0
74,1
75,1
76,0
77,1
78,0
79,0
80,0
81,0
82,1
83,0
84,1
85,1
86,0
87,1
88,0
89,1
90,0
91,1
92,1
93,1
94,1
95,1
96,1
97,1
98,0
99,0
100,1
101,1
102,1
103,1
104,0
105,1
106,0
107,1
108,0
109,1
110,0
111,1
112,1
113,1
114,1
115,1
116,0
117,1
118,1
119,0
120,1
121,1
122,1
123,0
124,1
125,1
126,1
127,1
128,1
129,1
130,1
131,1
132,1
133,0
134,0
135,0
136,1
137,0
138,1
139,0
140,1
141,0
142,1
143,1
144,1
145,0
146,1
147,1
148,0
149,0
150,0
151,0
152,1
153,1
154,0
155,1
156,1
157,1
158,0
159,1
160,0
161,1
162,1
163,1
164,1
165,1
166,1
167,1
168,0
169,1
170,0
171,0
172,1
173,1
174,1
175,0
176,1
177,1
178,0
179,1
180,1
181,1
182,1
183,1
184,0
185,0
186,0
187,0
188,0
189,1
190,0
191,0
192,1
193,1
194,1
195,0
196,1
197,1
198,1
199,0
200,1
201,0
202,1
203,1
204,1
205,1
206,1
207,0
208,1
209,1
210,0
211,1
212,1
213,1
214,0
215,0
216,1
217,0
218,0
219,0
220,1
221,0
222,0
223,0
224,1
225,0
226,0
227,1
228,0
229,0
230,1
231,0
232,1
233,0
234,1
235,1
236,0
237,1
238,1
239,1
240,0
241,1
242,1
243,1
244,1
245,0
246,1
247,0
248,0
249,0
250,0
251,0
252,0
253,1
254,1
255,1
256,0
257,1
258,1
259,0
260,1
261,0
262,0
263,1
264,0
265,1
266,1
267,1
268,1
269,0
270,0
271,0
272,0
273,1
274,1
275,1
276,1
277,0
278,1
279,1
280,0
281,1
282,1
283,0
284,1
285,1
286,1
287,1
288,0
289,0
290,0
291,1
292,1
293,1
294,1
295,0
296,0
297,1
298,1
299,0
300,1
301,1
302,1
303,1
304,1
305,1
306,1
307,1
308,1
309,1
310,1
311,1
312,1
313,0
314,1
315,0
316,1
317,1
318,0
319,1
320,1
321,0
322,0
323,1
324,1
325,1
326,1
327,1
328,1
329,0
330,1
331,1
332,0
333,1
334,1
335,1
336,1
337,0
338,0
339,1
340,1
341,1
342,1
343,1
344,0
345,1
346,1
347,1
348,1
349,1
350,1
351,0
352,1
353,0
354,0
355,0
356,1
357,1
358,0
359,1
360,1
361,0
362,1
363,1
364,1
365,1
366,0
367,1
368,1
369,1
370,1
371,0
372,1
373,0
374,1
375,1
376,1
377,0
378,0
379,1
380,1
381,1
382,1
383,1
384,1
385,1
386,1
387,1
388,1
389,1
390,1
391,0
392,1
393,0
394,0
395,1
396,0
397,1
398,1
399,1
400,0
401,1
402,0
403,0
404,0
405,0
406,1
407,1
408,1
409,1
410,0
411,0
412,1
413,1
414,0
415,1
416,1
417,1
418,1
419,1
420,1
421,1
422,1
423,0
424,0
425,1
426,1
427,1
428,1
429,1
430,1
431,1
432,1
433,0
434,1
435,0
436,0
437,1
438,0
439,0
440,1
441,0
442,1
443,1
444,1
445,1
446,1
447,0
448,1
449,1
450,1
451,1
452,0
453,0
454,1
455,1
456,0
457,1
458,1
459,0
460,1
461,1
462,0
463,1
464,1
465,1
466,1
467,0
468,1
469,1
470,1
471,1
472,1
473,1
474,0
475,0
476,0
477,1
478,0
479,1
480,1
481,0
482,1
483,0
484,0
485,0
486,1
487,0
488,1
489,1
490,1
491,1
492,1
493,1
494,1
495,1
496,1
497,0
498,1
499,0
500,1
501,0
502,1
503,1
504,0
505,1
506,0
507,1
508,0
509,0
510,0
511,1
512,1
513,1
514,1
515,0
516,1
517,1
518,1
519,1
520,1
521,0
522,1
523,0
524,0
525,1
526,1
527,0
528,0
529,1
530,0
531,1
532,1
533,1
534,1
535,1
536,1
537,0
538,0
539,0
540,1
541,1
542,1
543,0
544,0
545,1
546,1
547,1
548,0
549,1
550,1
551,1
552,1
553,1
554,1
555,1
556,1
557,1
558,0
559,0
560,1
561,1
562,0
563,1
564,0
565,1
566,0
567,1
568,1
569,1
570,1
571,1
572,0
573,1
574,1
575,1
576,0
577,0
578,1
579,1
580,1
581,1
582,1
583,1
584,1
585,1
586,0
587,1
588,1
589,1
590,1
591,1
592,1
593,1
594,1
595,0
596,1
597,1
598,0
599,1
600,1
601,1
602,1
603,1
604,1
605,1
606,0
607,0
608,0
609,1
610,0
611,1
612,0
613,1
614,1
615,1
616,1
617,1
618,1
619,1
620,1
621,0
622,1
623,0
624,0
625,1
626,1
627,1
628,1
629,1
630,1
631,0
632,0
633,1
634,0
635,1
636,1
637,1
638,1
639,1
640,1
641,0
642,0
643,0
644,1
645,1
646,1
647,1
648,1
649,1
650,0
651,1
652,1
653,1
654,0
655,0
656,1
657,1
658,1
659,0
660,0
661,1
662,0
663,1
664,1
665,1
666,1
667,0
668,1
669,1
670,0
671,1
672,1
673,1
674,1
675,0
676,1
677,1
678,0
679,1
680,1
681,0
682,1
683,0
684,1
685,1
686,0
687,1
688,1
689,0
690,0
691,1
692,0
693,1
694,0
695,0
696,1
697,0
698,0
699,1
700,0
701,1
702,1
703,1
704,0
705,1
706,0
707,0
708,1
709,1
710,1
711,0
712,1
713,0
714,1
715,1
716,1
717,1
718,1
719,0
720,1
721,1
722,0
723,0
724,0
725,1
726,1
727,0
728,1
729,1
730,0
731,1
732,0
733,0
734,1
735,1
736,1
737,1
738,1
739,1
740,1
741,1
742,0
743,1
744,1
745,1
746,1
747,1
748,1
749,0
750,0
751,1
752,1
753,1
754,1
755,1
756,1
757,1
758,0
759,1
760,1
761,0
762,1
763,1
764,0
765,1
766,0
767,1
768,1
769,1
770,0
771,1
772,1
773,1
774,0
775,1
776,1
777,1
778,0
779,0
780,0
781,0
782,0
783,0
784,1
785,1
786,0
787,1
788,0
789,1
790,1
791,1
792,1
793,1
794,1
795,1
796,1
797,0
798,1
799,0
800,1
801,0
802,0
803,1
804,1
805,1
806,1
807,0
808,1
809,1
810,0
811,1
812,1
813,0
814,0
815,1
816,1
817,0
818,1
819,1
820,1
821,1
822,1
823,1
824,0
825,0
826,1
827,1
828,1
829,1
830,1
831,0
832,0
833,1
834,1
835,1
836,0
837,1
838,1
839,1
840,1
841,1
842,1
843,0
844,1
845,1
846,1
847,0
848,1
849,0
850,1
851,0
852,0
853,0
854,0
855,1
856,1
857,1
858,1
859,1
860,1
861,1
862,1
863,1
864,1
865,1
866,1
867,1
868,0
869,1
870,1
871,1
872,1
873,0
874,1
875,1
876,0
877,0
878,0
879,1
880,1
881,0
882,1
883,1
884,1
885,1
886,0
887,0
888,0
889,1
890,1
891,1
892,1
893,1
894,1
895,0
896,1
897,1
898,1
899,0
900,0
901,0
902,1
903,1
904,1
905,1
906,0
907,0
908,0
909,0
910,0
911,1
912,0
913,0
914,1
915,1
916,0
917,0
918,0
919,1
920,0
921,0
922,0
923,1
924,1
925,0
926,0
927,0
928,1
929,1
930,0
931,1
932,0
933,1
934,1
935,0
936,1
937,1
938,1
939,1
940,0
941,1
942,1
943,0
944,1
945,1
946,1
947,0
948,0
949,1
950,0
951,0
952,1
953,1
954,0
955,1
956,1
957,1
958,1
959,0
960,0
961,1
962,1
963,1
964,1
965,1
966,1
967,1
968,0
969,1
970,0
971,1
972,0
973,0
974,1
975,1
976,1
977,0
978,0
979,1
980,1
981,0
982,1
983,0
984,0
985,0
986,1
987,1
988,1
989,1
990,1
991,1
992,1
993,1
994,1
995,1
996,0
997,0
998,0
999,1
1000,1
1001,0
1002,1
1003,1
1004,1
1005,0
1006,1
1007,0
1008,1
1009,1
1010,1
1011,1
1012,1
1013,0
1014,1
1015,1
1016,1
1017,1
1018,1
1019,1
1020,0
1021,1
1022,1
1023,1
1024,1
1025,0
1026,1
1027,1
1028,1
1029,1
1030,1
1031,0
1032,1
1033,1
1034,1
1035,0
1036,1
1037,0
1038,1
1039,1
1040,1
1041,0
1042,0
1043,1
1044,1
1045,0
1046,1
1047,1
1048,1
1049,1
1050,0
1051,1
1052,1
1053,1
1054,1
1055,0
1056,0
1057,1
1058,1
1059,1
1060,0
1061,0
1062,1
1063,1
1064,1
1065,0
1066,0
1067,0
1068,0
1069,0
1070,0
1071,1
1072,1
1073,1
1074,1
1075,1
1076,1
1077,1
1078,1
1079,0
1080,1
1081,1
1082,0
1083,1
1084,1
1085,0
1086,0
1087,0
1088,1
1089,1
1090,0
1091,1
1092,1
1093,1
1094,0
1095,1
1096,1
1097,0
1098,0
1099,1
1100,0
1101,1
1102,1
1103,0
1104,1
1105,0
1106,1
1107,0
1108,0
1109,1
1110,1
1111,1
1112,0
1113,1
1114,1
1115,1
1116,0
1117,1
1118,0
1119,1
1120,1
1121,1
1122,1
1123,1
1124,0
1125,1
1126,1
1127,0
1128,0
1129,0
1130,1
1131,0
1132,1
1133,1
1134,1
1135,0
1136,1
1137,1
1138,0
1139,0
1140,1
1141,1
1142,0
1143,0
1144,1
1145,1
1146,1
1147,0
1148,0
1149,0
1150,1
1151,1
1152,1
1153,1
1154,1
1155,1
1156,1
1157,0
1158,1
1159,0
1160,1
1161,0
1162,1
1163,1
1164,1
1165,0
1166,1
1167,1
1168,1
1169,1
1170,1
1171,1
1172,1
1173,0
1174,1
1175,1
1176,1
1177,1
1178,1
1179,1
1180,0
1181,1
1182,0
1183,1
1184,1
1185,0
1186,1
1187,1
1188,1
1189,1
1190,1
1191,0
1192,1
1193,1
1194,1
1195,0
1196,1
1197,1
1198,1
1199,1
1200,1
1201,1
1202,0
1203,1
1204,1
1205,0
1206,0
1207,1
1208,1
1209,0
1210,1
1211,1
1212,0
1213,0
1214,0
1215,0
1216,1
1217,1
1218,1
1219,1
1220,1
1221,0
1222,1
1223,1
1224,1
1225,0
1226,1
1227,1
1228,1
1229,0
1230,1
1231,1
1232,1
1233,1
1234,0
1235,1
1236,0
1237,1
1238,1
1239,0
1240,1
1241,0
1242,1
1243,1
1244,1
1245,1
1246,0
1247,1
1248,0
1249,1
1250,1
1251,1
1252,1
1253,1
1254,1
1255,0
1256,1
1257,0
1258,1
1259,1
1260,0
1261,0
1262,1
1263,1
1264,1
1265,1
1266,1
1267,1
1268,0
1269,0
1270,0
1271,0
1272,1
1273,0
1274,1
1275,0
1276,1
1277,0
1278,1
1279,1
1280,1
1281,0
1282,0
1283,1
1284,0
1285,0
1286,0
1287,1
1288,1
1289,1
1290,1
1291,1
1292,1
1293,0
1294,1
1295,1
1296,1
1297,1
1298,1
1299,1
1300,1
1301,1
1302,0
1303,1
1304,1
1305,0
1306,1
1307,1
1308,0
1309,1
1310,1
1311,1
1312,0
1313,1
1314,0
1315,0
1316,1
1317,1
1318,1
1319,1
1320,1
1321,1
1322,1
1323,1
1324,1
1325,0
1326,1
1327,1
1328,1
1329,1
1330,0
1331,1
1332,1
1333,1
1334,1
1335,1
1336,0
1337,1
1338,1
1339,0
1340,1
1341,0
1342,1
1343,1
1344,1
1345,0
1346,0
1347,0
1348,0
1349,1
1350,0
1351,1
1352,0
1353,1
1354,1
1355,1
1356,1
1357,1
1358,1
1359,1
1360,1
1361,0
1362,1
1363,1
1364,0
1365,0
1366,1
1367,1
1368,0
1369,1
1370,1
1371,1
1372,1
1373,1
1374,1
1375,0
1376,0
1377,0
1378,1
1379,1
1380,0
1381,1
1382,1
1383,0
1384,1
1385,0
1386,1
1387,1
1388,0
1389,1
1390,1
1391,1
1392,1
1393,0
1394,1
1395,1
1396,1
1397,1
1398,1
1399,1
1400,1
1401,0
1402,0
1403,0
1404,1
1405,1
1406,0
1407,1
1408,0
1409,1
1410,1
1411,1
1412,0
1413,1
1414,1
1415,0
1416,1
1417,1
1418,0
1419,1
1420,0
1421,0
1422,1
1423,1
1424,1
1425,1
1426,1
1427,1
1428,0
1429,1
1430,0
1431,1
1432,1
1433,1
1434,1
1435,1
1436,0
1437,1
1438,1
1439,1
1440,1
1441,1
1442,1
1443,1
1444,1
1445,1
1446,1
1447,1
1448,1
1449,1
1450,0
1451,1
1452,1
1453,1
1454,1
1455,0
1456,1
1457,1
1458,1
1459,1
1460,0
1461,0
1462,1
1463,1
1464,1
1465,1
1466,1
1467,0
1468,0
1469,0
1470,1
1471,1
1472,0
1473,1
1474,0
1475,1
1476,0
1477,0
1478,1
1479,0
1480,1
1481,1
1482,1
1483,1
1484,1
1485,0
1486,0
1487,0
1488,0
1489,0
1490,1
1491,0
1492,1
1493,1
1494,1
1495,0
1496,0
1497,1
1498,0
1499,1
1500,1
1501,1
1502,1
1503,1
1504,1
1505,1
1506,1
1507,0
1508,0
1509,0
1510,1
1511,1
1512,1
1513,0
1514,0
1515,0
1516,1
1517,0
1518,1
1519,1
1520,0
1521,1
1522,1
1523,1
1524,0
1525,0
1526,1
1527,1
1528,1
1529,0
1530,1
1531,0
1532,1
1533,0
1534,0
1535,0
1536,0
1537,0
1538,0
1539,0
1540,1
1541,0
1542,1
1543,0
1544,0
1545,0
1546,0
1547,1
1548,1
1549,0
1550,0
1551,0
1552,0
1553,0
1554,0
1555,0
1556,0
1557,1
1558,1
1559,1
1560,0
1561,1
1562,1
1563,1
1564,0
1565,1
1566,0
1567,0
1568,0
1569,0
1570,0
1571,1
1572,1
1573,1
1574,0
1575,0
1576,0
1577,0
1578,1
1579,0
1580,0
1581,0
1582,0
1583,0
1584,1
1585,1
1586,0
1587,0
1588,1
1589,0
1590,1
1591,1
1592,1
1593,0
1594,0
1595,1
1596,1
1597,0
1598,1
1599,1
1600,0
1601,1
1602,0
1603,1
1604,0
1605,0
1606,1
1607,1
1608,0
1609,0
1610,0
1611,1
1612,0
1613,1
1614,0
1615,0
1616,0
1617,0
1618,1
1619,0
1620,1
1621,1
1622,0
1623,1
1624,0
1625,1
1626,0
1627,1
1628,0
1629,0
1630,0
1631,1
1632,0
1633,0
1634,1
1635,0
1636,0
1637,0
1638,1
1639,1
1640,1
1641,0
1642,0
1643,1
1644,0
1645,1
1646,0
1647,0
1648,0
1649,1
1650,0
1651,0
1652,1
1653,1
1654,0
1655,1
1656,0
1657,0
1658,1
1659,1
1660,1
1661,1
1662,0
1663,0
1664,0
1665,0
1666,0
1667,1
1668,1
1669,1
1670,0
1671,1
1672,0
1673,1
1674,0
1675,0
1676,0
1677,0
1678,0
1679,0
1680,1
1681,1
1682,0
1683,1
1684,0
1685,0
1686,1
1687,0
1688,1
1689,1
1690,0
1691,0
1692,0
1693,0
1694,0
1695,1
1696,1
1697,1
1698,0
1699,0
1700,1
1701,0
1702,0
1703,0
1704,1
1705,0
1706,0
1707,0
1708,1
1709,1
1710,1
1711,1
1712,0
1713,1
1714,0
1715,0
1716,1
1717,0
1718,0
1719,0
1720,0
1721,0
1722,1
1723,0
1724,0
1725,0
1726,0
1727,0
1728,0
1729,0
1730,0
1731,1
1732,0
1733,1
1734,0
1735,1
1736,0
1737,0
1738,1
1739,0
1740,0
1741,1
1742,0
1743,0
1744,1
1745,0
1746,0
1747,1
1748,0
1749,0
1750,1
1751,1
1752,0
1753,0
1754,1
1755,1
1756,0
1757,0
1758,0
1759,0
1760,1
1761,1
1762,1
1763,0
1764,0
1765,1
1766,0
1767,1
1768,0
1769,1
1770,0
1771,0
1772,1
1773,0
1774,1
1775,1
1776,0
1777,0
1778,1
1779,0
1780,0
1781,1
1782,0
1783,0
1784,0
1785,0
1786,1
1787,0
1788,1
1789,0
1790,0
1791,0
1792,0
1793,1
1794,0
1795,1
1796,0
1797,0
1798,0
1799,1
1800,0
1801,1
1802,0
1803,0
1804,1
1805,0
1806,1
1807,0
1808,0
1809,0
1810,0
1811,0
1812,0
1813,0
1814,1
1815,0
1816,1
1817,0
1818,0
1819,0
1820,0
1821,0
1822,0
1823,0
1824,1
1825,1
1826,0
1827,1
1828,0
1829,0
1830,0
1831,0
1832,0
1833,0
1834,1
1835,0
1836,1
1837,0
1838,0
1839,0
1840,1
1841,0
1842,1
1843,1
1844,0
1845,1
1846,0
1847,1
1848,1
1849,1
1850,0
1851,1
1852,1
1853,0
1854,0
1855,0
1856,0
1857,0
1858,0
1859,0
1860,0
1861,0
1862,1
1863,1
1864,0
1865,1
1866,0
1867,0
1868,0
1869,1
1870,0
1871,0
1872,0
1873,1
1874,1
1875,0
1876,1
1877,0
1878,0
1879,0
1880,0
1881,1
1882,0
1883,1
1884,0
1885,1
1886,1
1887,0
1888,0
1889,1
1890,0
1891,1
1892,0
1893,0
1894,0
1895,0
1896,0
1897,0
1898,0
1899,1
1900,1
1901,1
1902,1
1903,0
1904,1
1905,0
1906,1
1907,0
1908,1
1909,0
1910,0
1911,0
1912,0
1913,1
1914,0
1915,1
1916,1
1917,1
1918,0
1919,1
1920,0
1921,0
1922,0
1923,1
1924,1
1925,1
1926,1
1927,1
1928,1
1929,0
1930,0
1931,0
1932,0
1933,1
1934,0
1935,0
1936,1
1937,1
1938,0
1939,1
1940,0
1941,0
1942,0
1943,1
1944,1
1945,0
1946,0
1947,1
1948,1
1949,1
1950,0
1951,1
1952,0
1953,0
1954,0
1955,0
1956,1
1957,1
1958,1
1959,0
1960,0
1961,1
1962,0
1963,1
1964,0
1965,1
1966,1
1967,0
1968,1
1969,0
1970,0
1971,0
1972,1
1973,0
1974,0
1975,0
1976,1
1977,0
1978,0
1979,0
1980,1
1981,1
1982,1
1983,0
1984,0
1985,0
1986,0
1987,0
1988,0
1989,0
1990,0
1991,1
1992,1
1993,0
1994,0
1995,0
1996,0
1997,1
1998,1
1999,1
2000,1
2001,1
2002,1
2003,1
2004,1
2005,1
2006,0
2007,1
2008,0
2009,1
2010,0
2011,0
2012,0
2013,0
2014,1
2015,0
2016,0
2017,0
2018,0
2019,1
2020,0
2021,0
2022,0
2023,0
2024,0
2025,1
2026,0
2027,1
2028,1
2029,0
2030,0
2031,1
2032,0
2033,1
2034,0
2035,1
2036,0
2037,0
2038,1
2039,0
2040,0
2041,0
2042,1
2043,0
2044,0
2045,0
2046,0
2047,0
2048,1
2049,0
2050,1
2051,0
2052,0
2053,1
2054,0
2055,1
2056,0
2057,0
2058,0
2059,0
2060,1
2061,0
2062,0
2063,1
2064,0
2065,1
2066,0
2067,1
2068,0
2069,0
2070,0
2071,0
2072,0
2073,0
2074,1
2075,1
2076,1
2077,0
2078,0
2079,1
2080,0
2081,1
2082,1
2083,1
2084,0
2085,1
2086,0
2087,0
2088,1
2089,0
2090,0
2091,0
2092,1
2093,0
2094,1
2095,0
2096,1
2097,0
2098,1
2099,1
2100,1
2101,1
2102,0
2103,0
2104,0
2105,0
2106,0
2107,1
2108,0
2109,0
2110,1
2111,0
2112,0
2113,0
2114,1
2115,1
2116,0
2117,0
2118,0
2119,1
2120,0
2121,0
2122,1
2123,1
2124,1
2125,1
2126,0
2127,0
2128,1
2129,1
2130,0
2131,0
2132,0
2133,1
2134,0
2135,0
2136,0
2137,0
2138,0
2139,1
2140,0
2141,0
2142,0
2143,1
2144,0
2145,0
2146,0
2147,1
2148,0
2149,0
2150,0
2151,1
2152,0
2153,0
2154,1
2155,0
2156,0
2157,0
2158,0
2159,0
2160,0
2161,1
2162,0
2163,0
2164,0
2165,1
2166,0
2167,1
2168,1
2169,1
2170,0
2171,0
2172,0
2173,0
2174,1
2175,1
2176,0
2177,1
2178,1
2179,0
2180,0
2181,1
2182,0
2183,0
2184,1
2185,0
2186,0
2187,0
2188,0
2189,0
2190,0
2191,1
2192,1
2193,0
2194,1
2195,1
2196,1
2197,1
2198,0
2199,1
2200,1
2201,1
2202,1
2203,1
2204,0
2205,1
2206,0
2207,1
2208,0
2209,0
2210,0
2211,0
2212,1
2213,1
2214,0
2215,0
2216,0
2217,0
2218,1
2219,0
2220,0
2221,1
2222,0
2223,0
2224,1
2225,0
2226,1
2227,0
2228,0
2229,0
2230,1
2231,0
2232,0
2233,0
2234,1
2235,0
2236,0
2237,0
2238,0
2239,1
2240,0
2241,0
2242,0
2243,1
2244,0
2245,0
2246,1
2247,1
2248,0
2249,1
2250,0
2251,1
2252,0
2253,1
2254,1
2255,1
2256,1
2257,0
2258,0
2259,0
2260,0
2261,1
2262,0
2263,0
2264,1
2265,1
2266,0
2267,1
2268,1
2269,1
2270,1
2271,1
2272,0
2273,0
2274,1
2275,0
2276,1
2277,1
2278,1
2279,0
2280,1
2281,1
2282,0
2283,0
2284,0
2285,0
2286,0
2287,0
2288,1
2289,1
2290,1
2291,0
2292,1
2293,1
2294,1
2295,0
2296,0
2297,0
2298,1
2299,1
2300,0
2301,0
2302,1
2303,0
2304,0
2305,0
2306,0
2307,1
2308,0
2309,0
2310,1
2311,0
2312,0
2313,1
2314,0
2315,1
2316,0
2317,0
2318,1
2319,1
2320,1
2321,1
2322,0
2323,0
2324,0
2325,0
2326,1
2327,1
2328,0
2329,0
2330,0
2331,0
2332,0
2333,0
2334,0
2335,1
2336,0
2337,0
2338,1
2339,0
2340,0
2341,1
2342,0
2343,0
2344,0
2345,0
2346,0
2347,0
2348,0
2349,0
2350,0
2351,0
2352,0
2353,0
2354,0
2355,0
2356,1
2357,0
2358,0
2359,1
2360,0
2361,1
2362,1
2363,1
2364,0
2365,0
2366,1
2367,0
2368,0
2369,1
2370,1
2371,1
2372,0
2373,0
2374,0
2375,1
2376,1
2377,1
2378,0
2379,0
2380,0
2381,0
2382,0
2383,1
2384,0
2385,0
2386,0
2387,0
2388,0
2389,0
2390,1
2391,1
2392,0
2393,0
2394,0
2395,0
2396,0
2397,0
2398,1
2399,0
2400,1
2401,0
2402,0
2403,1
2404,1
2405,0
2406,0
2407,1
2408,0
2409,0
2410,0
2411,0
2412,0
2413,1
2414,0
2415,0
2416,0
2417,0
2418,1
2419,0
2420,0
2421,0
2422,0
2423,0
2424,0
2425,1
2426,0
2427,1
2428,0
2429,1
2430,0
2431,1
2432,0
2433,1
2434,1
2435,0
2436,1
2437,0
2438,1
2439,0
2440,0
2441,0
2442,0
2443,0
2444,0
2445,0
2446,0
2447,1
2448,0
2449,1
2450,1
2451,1
2452,0
2453,1
2454,1
2455,1
2456,0
2457,1
2458,0
2459,0
2460,0
2461,1
2462,1
2463,1
2464,1
2465,0
2466,0
2467,1
2468,0
2469,0
2470,1
2471,1
2472,0
2473,0
2474,1
2475,0
2476,0
2477,0
2478,0
2479,1
2480,1
2481,1
2482,0
2483,1
2484,1
2485,0
2486,0
2487,0
2488,0
2489,0
2490,0
2491,0
2492,0
2493,0
2494,0
2495,0
2496,1
2497,0
2498,0
2499,0
2500,0
2501,1
2502,1
2503,0
2504,0
2505,1
2506,0
2507,0
2508,1
2509,1
2510,0
2511,0
2512,1
2513,0
2514,0
2515,0
2516,0
2517,0
2518,0
2519,0
2520,0
2521,0
2522,0
2523,1
2524,0
2525,0
2526,1
2527,0
2528,0
2529,0
2530,1
2531,0
2532,1
2533,0
2534,1
2535,0
2536,0
2537,0
2538,0
2539,0
2540,1
2541,0
2542,0
2543,0
2544,0
2545,1
2546,1
2547,0
2548,0
2549,0
2550,0
2551,1
2552,0
2553,1
2554,0
2555,1
2556,1
2557,0
2558,0
2559,0
2560,1
2561,1
2562,0
2563,0
2564,0
2565,0
2566,1
2567,1
2568,0
2569,0
2570,1
2571,0
2572,1
2573,0
2574,0
2575,0
2576,0
2577,1
2578,0
2579,0
2580,0
2581,1
2582,0
2583,0
2584,0
2585,1
2586,0
2587,1
2588,0
2589,1
2590,1
2591,1
2592,0
2593,1
2594,1
2595,1
2596,0
2597,0
2598,1
2599,0
2600,0
2601,0
2602,1
2603,0
2604,0
2605,0
2606,0
2607,1
2608,0
2609,1
2610,1
2611,0
2612,1
2613,1
2614,0
2615,1
2616,0
2617,1
2618,1
2619,1
2620,0
2621,0
2622,0
2623,0
2624,0
2625,0
2626,0
2627,1
2628,1
2629,0
2630,1
2631,0
2632,1
2633,0
2634,1
2635,0
2636,1
2637,0
2638,1
2639,1
2640,0
2641,0
2642,1
2643,1
2644,0
2645,0
2646,0
2647,0
2648,1
2649,1
2650,1
2651,0
2652,0
2653,0
2654,0
2655,1
2656,0
2657,1
2658,0
2659,1
2660,0
2661,0
2662,0
2663,1
2664,0
2665,0
2666,0
2667,0
2668,0
2669,1
2670,0
2671,1
2672,0
2673,0
2674,1
2675,0
2676,0
2677,0
2678,1
2679,0
2680,1
2681,0
2682,0
2683,0
2684,1
2685,1
2686,0
2687,0
2688,0
2689,0
2690,1
2691,0
2692,0
2693,0
2694,1
2695,0
2696,0
2697,0
2698,0
2699,0
2700,0
2701,0
2702,0
2703,0
2704,0
2705,0
2706,1
2707,0
2708,0
2709,0
2710,0
2711,1
2712,0
2713,0
2714,0
2715,1
2716,0
2717,1
2718,0
2719,0
2720,0
2721,0
2722,0
2723,0
2724,0
2725,0
2726,1
2727,0
2728,0
2729,1
2730,0
2731,0
2732,1
2733,0
2734,0
2735,0
2736,1
2737,1
2738,0
2739,1
2740,0
2741,0
2742,0
2743,0
2744,0
2745,1
2746,1
2747,0
2748,0
2749,0
2750,1
2751,0
2752,0
2753,0
2754,0
2755,0
2756,0
2757,1
2758,0
2759,1
2760,0
2761,1
2762,1
2763,0
2764,0
2765,0
2766,0
2767,0
2768,1
2769,0
2770,0
2771,0
2772,1
2773,0
2774,0
2775,0
2776,0
2777,1
2778,0
2779,1
2780,1
2781,0
2782,0
2783,1
2784,1
2785,0
2786,1
2787,0
2788,1
2789,1
2790,0
2791,1
2792,0
2793,1
2794,0
2795,0
2796,0
2797,1
2798,0
2799,1
2800,0
2801,0
2802,1
2803,0
2804,0
2805,0
2806,0
2807,0
2808,1
2809,0
2810,0
2811,1
2812,0
2813,1
2814,0
2815,0
2816,0
2817,0
2818,0
2819,0
2820,1
2821,1
2822,0
2823,1
2824,1
2825,0
2826,1
2827,0
2828,0
2829,0
2830,1
2831,1
2832,1
2833,0
2834,0
2835,0
2836,1
2837,1
2838,0
2839,1
2840,0
2841,1
2842,0
2843,1
2844,0
2845,0
2846,1
2847,0
2848,0
2849,0
2850,0
2851,1
2852,0
2853,0
2854,1
2855,0
2856,0
2857,1
2858,1
2859,1
2860,1
2861,1
2862,0
2863,1
2864,0
2865,0
2866,1
2867,0
2868,1
2869,0
2870,0
2871,1
2872,0
2873,0
2874,1
2875,0
2876,0
2877,0
2878,0
2879,0
2880,0
2881,1
2882,0
2883,0
2884,1
2885,0
2886,0
2887,0
2888,0
2889,0
2890,0
2891,0
2892,0
2893,0
2894,1
2895,0
2896,0
2897,1
2898,0
2899,1
2900,1
2901,0
2902,0
2903,1
2904,1
2905,1
2906,1
2907,1
2908,0
2909,1
2910,0
2911,0
2912,0
2913,0
2914,1
2915,1
2916,1
2917,1
2918,0
2919,1
2920,1
2921,1
2922,0
2923,1
2924,1
2925,0
2926,0
2927,0
2928,0
2929,0
2930,0
2931,0
2932,1
2933,1
2934,0
2935,0
2936,1
2937,0
2938,0
2939,0
2940,1
2941,0
2942,0
2943,1
2944,1
2945,1
2946,0
2947,0
2948,0
2949,0
2950,0
2951,1
2952,0
2953,1
2954,1
2955,0
2956,0
2957,0
2958,0
2959,0
2960,0
2961,1
2962,0
2963,0
2964,0
2965,1
2966,1
2967,0
2968,1
2969,0
2970,1
2971,1
2972,1
2973,1
2974,0
2975,0
2976,0
2977,1
2978,0
2979,0
2980,0
2981,1
2982,1
2983,1
2984,1
2985,0
2986,0
2987,1
2988,0
2989,1
2990,0
2991,0
2992,1
2993,0
2994,1
2995,0
2996,0
2997,0
2998,0
2999,1
